Orbit: 2.5730991 1.0938611 0.0580123 -0.0031084 0.0100670 -0.0017268
epoch JD 2455472.50000 (2455472.50000)
Unit vectors:
     0.861      0.507     0.0336    0.00763   -0.00053   -0.00103
    -0.444       0.73      0.268      0.419      0.149    -0.0104
     0.124     -0.274      0.953   -0.00378    0.00841    -0.0292
     0.214     -0.366     -0.133       0.82       0.36  -0.000427
   -0.0116     0.0259     0.0114     -0.359      0.855      0.373
   0.00463    -0.0105     0.0284      0.149     -0.342      0.927
   0:  -0.000999    -0.376     0.333       0.2   -0.0925    0.0854  -0.00154    -0.295    -0.425     0.156   -0.0849   -0.0934
   1:  -0.000961    -0.373     0.333     0.204    -0.128     0.118   -0.0015    -0.292    -0.424     0.159    -0.117    -0.129
   2:  -0.000523    -0.338     0.323     0.247    -0.511     0.472  -0.00115    -0.266    -0.412     0.191    -0.469    -0.516
   3:  -0.000507    -0.336     0.323     0.249    -0.528     0.488  -0.00114    -0.265    -0.412     0.193    -0.485    -0.533
   4:   0.000848    -0.202     0.284     0.404     -2.14      1.99   6.05e-5    -0.165     -0.36     0.308     -1.98     -2.16
   5:    0.00085    -0.202     0.284     0.404     -2.15      1.99   6.22e-5    -0.165     -0.36     0.308     -1.98     -2.16
   6:   0.000851    -0.202     0.284     0.404     -2.15         2   6.39e-5    -0.165     -0.36     0.308     -1.99     -2.17
   7:   0.000852    -0.202     0.284     0.405     -2.15         2   6.56e-5    -0.165     -0.36     0.308     -1.99     -2.17
   8:    0.00158   -0.0703     0.234     0.525     -4.12      3.84  0.000954   -0.0633    -0.295     0.402     -3.83     -4.15
   9:    0.00158   -0.0701     0.234     0.526     -4.13      3.85  0.000954   -0.0632    -0.295     0.402     -3.83     -4.15
  10:    0.00158     -0.07     0.234     0.526     -4.13      3.85  0.000955   -0.0631    -0.295     0.402     -3.83     -4.15
  11:    0.00158   -0.0699     0.234     0.526     -4.13      3.85  0.000956    -0.063    -0.295     0.402     -3.84     -4.15
  12:  -0.000466     0.102    0.0762     0.419     -9.96      9.43  0.000645    0.0881   -0.0941      0.35     -9.42     -9.97
  13:  -0.000467     0.102    0.0761     0.419     -9.97      9.43  0.000645    0.0881    -0.094      0.35     -9.42     -9.98
  14:  -0.000469     0.102    0.0761     0.419     -9.97      9.43  0.000644    0.0881    -0.094      0.35     -9.42     -9.98
  15:  -0.000471     0.102     0.076     0.419     -9.97      9.43  0.000643    0.0881   -0.0939      0.35     -9.43     -9.98
  16:  -0.000939     0.101    0.0552     0.357     -10.7      10.1   0.00039    0.0902    -0.068     0.307     -10.1     -10.7
  17:  -0.000942     0.101    0.0551     0.357     -10.7      10.1  0.000389    0.0902   -0.0679     0.307     -10.1     -10.7
  18:  -0.000945     0.101     0.055     0.357     -10.7      10.1  0.000388    0.0902   -0.0678     0.307     -10.1     -10.7
  19:  -0.000948     0.101    0.0549     0.356     -10.7      10.1  0.000386    0.0902   -0.0677     0.306     -10.1     -10.7
  20:   -0.00199    0.0798   0.00467     0.174     -12.4      11.8  -0.00029    0.0805  -0.00572     0.173     -11.8     -12.4
  21:   -0.00199    0.0798   0.00461     0.174     -12.4      11.8  -0.00029    0.0805  -0.00565     0.173     -11.8     -12.4
  22:     -0.002    0.0797   0.00456     0.173     -12.4      11.8 -0.000291    0.0805  -0.00559     0.173     -11.8     -12.4
  23:    0.00175    -0.139    -0.215    -0.869     -19.1      18.4 -0.000793    -0.132     0.261    -0.752     -18.4     -19.1
  24:    0.00176    -0.139    -0.216     -0.87     -19.1      18.4 -0.000791    -0.132     0.261    -0.752     -18.4     -19.1
  25:    0.00176    -0.139    -0.216     -0.87     -19.1      18.4  -0.00079    -0.132     0.262    -0.753     -18.4     -19.1
Covariance:
   4.88e-7  1.61e-16  -9.7e-17 -8.58e-17  5.74e-18 -3.68e-18
  1.61e-16  1.93e-11  2.53e-18  3.14e-18 -2.45e-19  1.16e-19
  -9.7e-17  2.53e-18  9.24e-12 -5.42e-19  5.66e-20 -1.53e-20
 -8.58e-17  3.14e-18 -5.42e-19  2.94e-12  8.25e-20 -3.39e-20
  5.74e-18 -2.45e-19  5.66e-20  8.25e-20  5.75e-15  2.97e-21
 -3.68e-18  1.16e-19 -1.53e-20 -3.39e-20  2.97e-21  5.74e-15
Correlation:
  1.000000  0.000000 -0.000000 -0.000000  0.000000 -0.000000
  0.000000  1.000000  0.000000  0.000000 -0.000001  0.000000
 -0.000000  0.000000  1.000000 -0.000000  0.000000 -0.000000
 -0.000000  0.000000 -0.000000  1.000000  0.000001 -0.000000
  0.000000 -0.000001  0.000000  0.000001  1.000000  0.000001
 -0.000000  0.000000 -0.000000 -0.000000  0.000001  1.000000
WtW:
   5.62e-5 -4.69e-10  5.91e-10   1.64e-9  -5.61e-8    3.6e-8
 -4.69e-10      1.42   -3.9e-7  -1.52e-6   6.05e-5  -2.87e-5
  5.91e-10   -3.9e-7      2.97   5.48e-7  -2.92e-5   7.91e-6
   1.64e-9  -1.52e-6   5.48e-7      9.34 -0.000134   5.51e-5
  -5.61e-8   6.05e-5  -2.92e-5 -0.000134      4773  -0.00247
    3.6e-8  -2.87e-5   7.91e-6   5.51e-5  -0.00247      4779
Eigenvectors:
  1.000000  0.000000 -0.000000 -0.000000  0.000000 -0.000000
 -0.000000  1.000000  0.000000  0.000000 -0.000000  0.000000
  0.000000 -0.000000  1.000000 -0.000000  0.000000 -0.000000
  0.000000 -0.000000  0.000000  1.000000  0.000000 -0.000000
 -0.000000  0.000000 -0.000000 -0.000000  1.000000  0.000408
  0.000000 -0.000000  0.000000  0.000000 -0.000408  1.000000
Eigenvalues:
   2.05e+6  5.18e+10  1.08e+11   3.4e+11  1.74e+14  1.74e+14

New unit vectors: 
     0.861     0.507    0.0336   0.00763  -0.00053  -0.00103
    -0.444      0.73     0.268     0.419     0.149   -0.0104
     0.124    -0.274     0.953  -0.00378   0.00841   -0.0292
     0.214    -0.366    -0.133      0.82      0.36 -0.000427
   -0.0116    0.0259    0.0114    -0.359     0.855     0.374
   0.00463   -0.0105    0.0284      0.15    -0.342     0.927

One-sigma eigenvect:
  0.000602  0.000354   2.35e-5   5.33e-6   -3.7e-7  -7.21e-7
   Tp          0.877
        1209     45020     -4737     70156   -272864    168997
   e        0.000383
      -0.465       -35     -1.43     -77.2      -100      58.8
   q        0.000787
       0.854      94.7     -3.69       175      -189       121
   Q         0.00166
       -2.12      -121     -14.7      -309      -938       563
   1/a       5.06e-5
       0.069      1.41         1       7.3      61.4     -37.2
   i         0.00662
        -9.4      -129      -150     -89.9      2784      4562
   M           0.154
        -212     -8115      1093    -11581     63796    -39348
   omega       0.212
         288     12936     -1123     21229    -62077     43327
   Omega     0.00206
        2.89      47.8      3.22      93.4     -2118     -3471

Sigmas:
sigma_Tp        0.877 days
sigma_e      0.000383 
sigma_q      0.000787 AU (117769 km)
sigma_Q       0.00166 AU (248813 km)
sigma_1/a     5.06e-5 1/AU
sigma_i       0.00662 deg
sigma_M         0.154 deg
sigma_omega     0.212 deg
sigma_Omega   0.00206 deg
sigma_n:      4.29e-5
sigma_a:     0.000464 AU (69478 km)
sigma_P:        0.443 days
P = 5.28 years; U=6.1
